-0.00432195747271
-0.000260008324403
0.00472236424685
-0.00556637393311
0.00235252082348
-0.00265480554663
0.000490609440021
-0.00715974206105
0.00488664954901
-0.000415398098994
-0.00457205437124
0.00601735990494
-0.0012450653594
0.00479327794164
-0.00474610459059
0.00591420056298
-0.00489951856434
-0.000514456944074
0.00583095895126
-0.00495785335079
0.00192642747425
-0.00250624539331
-0.00199596537277
-0.00443607568741
0.00191152549814
0.00356352236122
0.00314303254709
-0.00282108900137
-0.0012570937397
-0.00836205482483
0.00627623917535
0.00237789237872
0.00131239311304
-0.00193311518524
-0.000678313255776
0.00225745234638
-0.00351105793379
0.00335163250566
-0.00383592024446
0.00125909165945
0.00210552290082
0.000882221153006
-0.00192433816846
-0.00206275703385
0.00240507000126
-0.00174185540527
0.00528131099418
-0.00131796253845
-0.00293101323768
-0.000594578916207
0.000385595776606
-0.00239534187131
0.043960891664
0.277013629675
0.493315070868
0.593007266521
0.80443251133
0.914398014545
1.00495529175
0.995589911938
1.15645134449
1.02271711826
1.10585403442
1.25100374222
1.11306321621
1.27525854111
1.25308597088
1.25353085995
1.3399990797
1.38301622868
1.18272614479
1.43017911911
1.54920303822
1.3004155159
1.50634670258
1.67717170715
1.37383449078
1.49781775475
1.52935874462
1.55317783356
1.50430929661
1.48073172569
1.50659227371
1.49779975414
1.42097127438
1.46275937557
1.49870276451
1.55644202232
1.32213616371
1.52769958973
1.63865828514
1.37197971344
1.49265921116
1.52066099644
1.53288340569
1.49394524097
1.63927853107
1.38525748253
1.49818980694
1.4777905941
