0.000766990473494
-0.000766990473494
0.0
0.0
0.000496287946589
0.0
-0.000766990473494
0.000395479466533
-0.000766990473494
0.0
0.000766990473494
0.0
0.0
-0.000766990473494
0.00072316249134
-0.000766990473494
0.0
0.000684072612785
-0.00072316249134
0.0
0.000766990473494
0.0
0.0
-0.000766990473494
0.0
0.0
0.000766990473494
0.0
-0.000766990473494
0.0
0.000766990473494
-0.00036158124567
0.0
0.0
0.0
0.0
0.000766990473494
-0.000766990473494
0.00072316249134
0.0
0.0
0.0
0.0
-0.000766990473494
0.0
0.0
0.0
0.0
0.000766990473494
-0.000766990473494
0.0
0.0
0.0
0.0918416306376
0.198650538921
0.229330152273
0.229285046458
0.236233070493
0.237767055631
0.23285831511
0.235466077924
0.236233070493
0.236729368567
0.237000063062
0.234496071935
0.237920448184
0.239301040769
0.2385340482
0.232135146856
0.240068033338
0.236233070493
0.233581483364
0.237767055631
0.239301040769
0.235027804971
0.237767055631
0.2385340482
0.23970708251
0.237767055631
0.232262775302
0.242684811354
0.237767055631
0.230029478669
0.243902981281
0.237767055631
0.233007207513
0.23970708251
0.237000063062
0.240835011005
0.236729368567
0.240835011005
0.240835011005
0.2385340482
0.237000063062
0.231518343091
0.240745827556
0.236233070493
0.236654922366
0.236233070493
0.233007207513
